!
! For details, see http://www.rap.ucar.edu/~gthompsn/workshop2008/
! Refer to case#2 (SHEBA).
! Data below represent initial boundary condition data, see relevant PDF
! description for details.
!
    0.69354E+04    0.22942E+03    0.90780E-01    0.00000E+00    0.00000E+00    0.00000E+00    0.00000E+00    0.00000E+00    0.00000E+00
    0.10322E+05    0.22908E+03    0.91335E-01    0.00000E+00    0.00000E+00    0.00000E+00    0.00000E+00    0.00000E+00    0.00000E+00
    0.13225E+05    0.22808E+03    0.39857E+00    0.00000E+00    0.00000E+00    0.00000E+00    0.00000E+00    0.00000E+00    0.00000E+00
    0.16129E+05    0.22756E+03    0.49931E+00    0.00000E+00    0.00000E+00    0.00000E+00    0.00000E+00    0.00000E+00    0.00000E+00
    0.19032E+05    0.22669E+03    0.36816E+00    0.00000E+00    0.00000E+00    0.00000E+00    0.00000E+00    0.00000E+00    0.00000E+00
    0.21935E+05    0.22552E+03    0.12552E+01    0.00000E+00    0.00000E+00    0.00000E+00    0.00000E+00    0.00000E+00    0.00000E+00
    0.24838E+05    0.22351E+03    0.49863E+01    0.00000E+00    0.00000E+00    0.00000E+00    0.00000E+00    0.00000E+00    0.00000E+00
    0.27741E+05    0.22062E+03    0.18608E+02    0.00000E+00    0.00000E+00    0.00000E+00    0.00000E+00    0.00000E+00    0.00000E+00
    0.30644E+05    0.21919E+03    0.32031E+02    0.00000E+00    0.00000E+00    0.00000E+00    0.00000E+00    0.00000E+00    0.00000E+00
    0.33547E+05    0.22062E+03    0.33049E+02    0.00000E+00    0.00000E+00    0.00000E+00    0.00000E+00    0.00000E+00    0.00000E+00
    0.36450E+05    0.22247E+03    0.39861E+02    0.00000E+00    0.00000E+00    0.00000E+00    0.00000E+00    0.00000E+00    0.00000E+00
    0.39353E+05    0.22512E+03    0.40614E+02    0.00000E+00    0.00000E+00    0.00000E+00    0.00000E+00    0.00000E+00    0.00000E+00
    0.42256E+05    0.22822E+03    0.42098E+02    0.00000E+00    0.00000E+00    0.00000E+00    0.00000E+00    0.00000E+00    0.00000E+00
    0.44676E+05    0.23061E+03    0.45472E+02    0.00000E+00    0.00000E+00    0.00000E+00    0.00000E+00    0.00000E+00    0.00000E+00
    0.46611E+05    0.23254E+03    0.45732E+02    0.00000E+00    0.00000E+00    0.00000E+00    0.00000E+00    0.00000E+00    0.00000E+00
    0.48547E+05    0.23443E+03    0.46706E+02    0.00000E+00    0.00000E+00    0.00000E+00    0.00000E+00    0.00000E+00    0.00000E+00
    0.50482E+05    0.23628E+03    0.47139E+02    0.00000E+00    0.00000E+00    0.00000E+00    0.00000E+00    0.00000E+00    0.00000E+00
    0.52417E+05    0.23787E+03    0.50761E+02    0.00000E+00    0.00000E+00    0.00000E+00    0.00000E+00    0.00000E+00    0.00000E+00
    0.54353E+05    0.23961E+03    0.52029E+02    0.00000E+00    0.00000E+00    0.00000E+00    0.00000E+00    0.00000E+00    0.00000E+00
    0.56288E+05    0.24066E+03    0.57588E+02    0.00000E+00    0.00000E+00    0.00000E+00    0.00000E+00    0.00000E+00    0.00000E+00
    0.58224E+05    0.24208E+03    0.60478E+02    0.00000E+00    0.00000E+00    0.00000E+00    0.00000E+00    0.00000E+00    0.00000E+00
    0.59700E+05    0.24282E+03    0.58965E+02    0.00000E+00   -0.67901E+00    0.10566E+02    0.50000E-01   -0.29607E-04    0.70000E-09
    0.60200E+05    0.24311E+03    0.59214E+02    0.00000E+00   -0.76801E+00    0.10412E+02    0.50000E-01   -0.29192E-04    0.70000E-09
    0.60700E+05    0.24339E+03    0.59434E+02    0.00000E+00   -0.85701E+00    0.10259E+02    0.50000E-01   -0.28784E-04    0.70000E-09
    0.61200E+05    0.24368E+03    0.59626E+02    0.00000E+00   -0.94601E+00    0.10106E+02    0.50000E-01   -0.28382E-04    0.70000E-09
    0.61700E+05    0.24396E+03    0.59791E+02    0.00000E+00   -0.10350E+01    0.99527E+01    0.50000E-01   -0.27987E-04    0.70000E-09
    0.62200E+05    0.24425E+03    0.59929E+02    0.00000E+00   -0.11240E+01    0.97995E+01    0.50000E-01   -0.27599E-04    0.70000E-09
    0.62700E+05    0.24453E+03    0.60043E+02    0.00000E+00   -0.12130E+01    0.96463E+01    0.50000E-01   -0.27216E-04    0.70000E-09
    0.63200E+05    0.24482E+03    0.60132E+02    0.00000E+00   -0.13020E+01    0.94930E+01    0.50000E-01   -0.26840E-04    0.70000E-09
    0.63700E+05    0.24510E+03    0.60198E+02    0.00000E+00   -0.13905E+01    0.93441E+01    0.50000E-01   -0.26469E-04    0.70000E-09
    0.64200E+05    0.24539E+03    0.60242E+02    0.00000E+00   -0.14767E+01    0.92122E+01    0.50000E-01   -0.26105E-04    0.70000E-09
    0.64700E+05    0.24567E+03    0.60264E+02    0.00000E+00   -0.15629E+01    0.90804E+01    0.50000E-01   -0.25746E-04    0.70000E-09
    0.65200E+05    0.24596E+03    0.60265E+02    0.00000E+00   -0.16490E+01    0.89485E+01    0.50000E-01   -0.25392E-04    0.70000E-09
    0.65700E+05    0.24624E+03    0.60247E+02    0.00000E+00   -0.17352E+01    0.88167E+01    0.50000E-01   -0.25044E-04    0.70000E-09
    0.66200E+05    0.24653E+03    0.60209E+02    0.00000E+00   -0.18214E+01    0.86848E+01    0.50000E-01   -0.24701E-04    0.70000E-09
    0.66700E+05    0.24681E+03    0.60153E+02    0.00000E+00   -0.19076E+01    0.85530E+01    0.50000E-01   -0.24363E-04    0.70000E-09
    0.67200E+05    0.24710E+03    0.60080E+02    0.00000E+00   -0.19938E+01    0.84211E+01    0.50000E-01   -0.24030E-04    0.70000E-09
    0.67700E+05    0.24738E+03    0.59989E+02    0.00000E+00   -0.20800E+01    0.82893E+01    0.50000E-01   -0.23703E-04    0.70000E-09
    0.68200E+05    0.24767E+03    0.59883E+02    0.00000E+00   -0.21662E+01    0.81574E+01    0.50000E-01   -0.23380E-04    0.70000E-09
    0.68700E+05    0.24795E+03    0.59760E+02    0.00000E+00   -0.22279E+01    0.80543E+01    0.50000E-01   -0.23061E-04    0.70000E-09
    0.69200E+05    0.24824E+03    0.59623E+02    0.00000E+00   -0.22886E+01    0.79524E+01    0.50000E-01   -0.22748E-04    0.70000E-09
    0.69700E+05    0.24852E+03    0.59472E+02    0.00000E+00   -0.23494E+01    0.78504E+01    0.50000E-01   -0.22438E-04    0.70000E-09
    0.70200E+05    0.24881E+03    0.59307E+02    0.00000E+00   -0.24101E+01    0.77485E+01    0.50000E-01   -0.22134E-04    0.70000E-09
    0.70700E+05    0.24909E+03    0.59130E+02    0.00000E+00   -0.24708E+01    0.76465E+01    0.50000E-01   -0.21833E-04    0.70000E-09
    0.71200E+05    0.24938E+03    0.58939E+02    0.00000E+00   -0.25316E+01    0.75446E+01    0.50000E-01   -0.21537E-04    0.70000E-09
    0.71700E+05    0.24966E+03    0.58737E+02    0.00000E+00   -0.25923E+01    0.74426E+01    0.50000E-01   -0.21245E-04    0.70000E-09
    0.72200E+05    0.24995E+03    0.58524E+02    0.00000E+00   -0.26530E+01    0.73407E+01    0.50000E-01   -0.20957E-04    0.70000E-09
    0.72700E+05    0.25023E+03    0.58300E+02    0.00000E+00   -0.27137E+01    0.72388E+01    0.50000E-01   -0.20672E-04    0.70000E-09
    0.73200E+05    0.25052E+03    0.58065E+02    0.00000E+00   -0.27306E+01    0.71484E+01    0.50000E-01   -0.20392E-04    0.70000E-09
    0.73700E+05    0.25080E+03    0.57821E+02    0.00000E+00   -0.27257E+01    0.70639E+01    0.50000E-01   -0.20116E-04    0.70000E-09
    0.74200E+05    0.25109E+03    0.57568E+02    0.00000E+00   -0.27207E+01    0.69794E+01    0.50000E-01   -0.19843E-04    0.70000E-09
    0.74700E+05    0.25137E+03    0.57305E+02    0.00000E+00   -0.27158E+01    0.68948E+01    0.50000E-01   -0.19574E-04    0.70000E-09
    0.75200E+05    0.25166E+03    0.57035E+02    0.00000E+00   -0.27109E+01    0.68103E+01    0.50000E-01   -0.19308E-04    0.70000E-09
    0.75700E+05    0.25194E+03    0.56756E+02    0.00000E+00   -0.27059E+01    0.67258E+01    0.50000E-01   -0.19046E-04    0.70000E-09
    0.76200E+05    0.25223E+03    0.56470E+02    0.00000E+00   -0.27010E+01    0.66412E+01    0.50000E-01   -0.18788E-04    0.70000E-09
    0.76700E+05    0.25251E+03    0.56177E+02    0.00000E+00   -0.26961E+01    0.65567E+01    0.50000E-01   -0.18533E-04    0.70000E-09
    0.77200E+05    0.25280E+03    0.55877E+02    0.00000E+00   -0.26911E+01    0.64722E+01    0.50000E-01   -0.18281E-04    0.70000E-09
    0.77700E+05    0.25308E+03    0.55570E+02    0.00000E+00   -0.26576E+01    0.64086E+01    0.50000E-01   -0.18032E-04    0.70000E-09
    0.78200E+05    0.25337E+03    0.55258E+02    0.00000E+00   -0.25826E+01    0.63756E+01    0.50000E-01   -0.17787E-04    0.70000E-09
    0.78700E+05    0.25365E+03    0.54940E+02    0.00000E+00   -0.25076E+01    0.63426E+01    0.50000E-01   -0.17544E-04    0.70000E-09
    0.79200E+05    0.25394E+03    0.54617E+02    0.00000E+00   -0.24326E+01    0.63096E+01    0.50000E-01   -0.17305E-04    0.70000E-09
    0.79700E+05    0.25422E+03    0.54288E+02    0.00000E+00   -0.23576E+01    0.62765E+01    0.50000E-01   -0.17069E-04    0.70000E-09
    0.80200E+05    0.25451E+03    0.53955E+02    0.00000E+00   -0.22826E+01    0.62435E+01    0.50000E-01   -0.17199E-04    0.70000E-09
    0.80700E+05    0.25479E+03    0.53635E+02    0.00000E+00   -0.22076E+01    0.62105E+01    0.50000E-01   -0.17875E-04    0.70000E-09
    0.81200E+05    0.25506E+03    0.53351E+02    0.00000E+00   -0.21326E+01    0.61774E+01    0.50000E-01   -0.18553E-04    0.70000E-09
    0.81700E+05    0.25532E+03    0.53103E+02    0.00000E+00   -0.20576E+01    0.61444E+01    0.50000E-01   -0.19232E-04    0.70000E-09
    0.82200E+05    0.25558E+03    0.52891E+02    0.00000E+00   -0.19477E+01    0.61033E+01    0.50000E-01   -0.19912E-04    0.70000E-09
    0.82700E+05    0.25582E+03    0.52713E+02    0.00000E+00   -0.17577E+01    0.60434E+01    0.50000E-01   -0.20594E-04    0.70000E-09
    0.83200E+05    0.25606E+03    0.52571E+02    0.00000E+00   -0.15677E+01    0.59836E+01    0.50000E-01   -0.21276E-04    0.70000E-09
    0.83700E+05    0.25629E+03    0.52462E+02    0.00000E+00   -0.13776E+01    0.59238E+01    0.50000E-01   -0.21960E-04    0.70000E-09
    0.84200E+05    0.25650E+03    0.52387E+02    0.00000E+00   -0.11876E+01    0.58639E+01    0.50000E-01   -0.22645E-04    0.70000E-09
    0.84700E+05    0.25671E+03    0.52346E+02    0.00000E+00   -0.99753E+00    0.58041E+01    0.50000E-01   -0.23331E-04    0.70000E-09
    0.85200E+05    0.25691E+03    0.52339E+02    0.00000E+00   -0.80748E+00    0.57442E+01    0.50000E-01   -0.24018E-04    0.70000E-09
    0.85700E+05    0.25710E+03    0.52365E+02    0.00000E+00   -0.61744E+00    0.56844E+01    0.50000E-01   -0.24706E-04    0.70000E-09
    0.86200E+05    0.25728E+03    0.52424E+02    0.00000E+00   -0.42739E+00    0.56245E+01    0.50000E-01   -0.25395E-04    0.70000E-09
    0.86700E+05    0.25746E+03    0.52517E+02    0.00000E+00   -0.27869E+00    0.55662E+01    0.50000E-01   -0.26085E-04    0.70000E-09
    0.87200E+05    0.25762E+03    0.52644E+02    0.00000E+00   -0.16950E+00    0.55091E+01    0.50000E-01   -0.26776E-04    0.70000E-09
    0.87700E+05    0.25777E+03    0.52804E+02    0.00000E+00   -0.60310E-01    0.54521E+01    0.50000E-01   -0.27468E-04    0.70000E-09
    0.88200E+05    0.25792E+03    0.52999E+02    0.00000E+00    0.48881E-01    0.53951E+01    0.50000E-01   -0.28162E-04    0.70000E-09
    0.88700E+05    0.25806E+03    0.53228E+02    0.00000E+00    0.15807E+00    0.53381E+01    0.50000E-01   -0.28856E-04    0.70000E-09
    0.89200E+05    0.25818E+03    0.53492E+02    0.00000E+00    0.26726E+00    0.52811E+01    0.50000E-01   -0.29551E-04    0.70000E-09
    0.89700E+05    0.25830E+03    0.53791E+02    0.00000E+00    0.37645E+00    0.52241E+01    0.50000E-01   -0.30247E-04    0.70000E-09
    0.90200E+05    0.25841E+03    0.54127E+02    0.00000E+00    0.48564E+00    0.51671E+01    0.50000E-01   -0.30943E-04    0.70000E-09
    0.90700E+05    0.25851E+03    0.54499E+02    0.00000E+00    0.59368E+00    0.51092E+01    0.50000E-01   -0.31641E-04    0.70000E-09
    0.91200E+05    0.25860E+03    0.54908E+02    0.00000E+00    0.69813E+00    0.50483E+01    0.50000E-01   -0.32340E-04    0.70000E-09
    0.91700E+05    0.25868E+03    0.55356E+02    0.00000E+00    0.80257E+00    0.49874E+01    0.50000E-01   -0.33039E-04    0.70000E-09
    0.92200E+05    0.25875E+03    0.55842E+02    0.00000E+00    0.90701E+00    0.49266E+01    0.50000E-01   -0.33740E-04    0.70000E-09
    0.92700E+05    0.25882E+03    0.56369E+02    0.00000E+00    0.10114E+01    0.48657E+01    0.50000E-01   -0.34441E-04    0.70000E-09
    0.93200E+05    0.25887E+03    0.56937E+02    0.00000E+00    0.11159E+01    0.48048E+01    0.50000E-01   -0.35143E-04    0.70000E-09
    0.93700E+05    0.25892E+03    0.57547E+02    0.00000E+00    0.12203E+01    0.47440E+01    0.50000E-01   -0.35846E-04    0.70000E-09
    0.94200E+05    0.25895E+03    0.58201E+02    0.00000E+00    0.13248E+01    0.46831E+01    0.50000E-01   -0.36549E-04    0.70000E-09
    0.94700E+05    0.25898E+03    0.58900E+02    0.00000E+00    0.14205E+01    0.46165E+01    0.50000E-01   -0.37254E-04    0.70000E-09
    0.95200E+05    0.25900E+03    0.59645E+02    0.00000E+00    0.15136E+01    0.45480E+01    0.50000E-01   -0.37959E-04    0.70000E-09
    0.95700E+05    0.25288E+03    0.99946E+02    0.11849E-03    0.16066E+01    0.44796E+01    0.50000E-01   -0.37750E-04    0.70000E-09
    0.96200E+05    0.25321E+03    0.99959E+02    0.99765E-04    0.16996E+01    0.44112E+01    0.45881E-01    0.40903E-04    0.78319E-08
    0.96700E+05    0.25354E+03    0.99970E+02    0.80796E-04    0.17926E+01    0.43427E+01    0.41763E-01    0.25862E-04    0.80702E-08
    0.97200E+05    0.25386E+03    0.99980E+02    0.61587E-04    0.18856E+01    0.42743E+01    0.37644E-01    0.10821E-04    0.83086E-08
    0.97700E+05    0.25418E+03    0.99988E+02    0.42139E-04    0.19976E+01    0.42002E+01    0.33526E-01    0.14506E-05    0.85815E-08
    0.98200E+05    0.25450E+03    0.99994E+02    0.22453E-04    0.21374E+01    0.41177E+01    0.29407E-01    0.41167E-06    0.89052E-08
    0.98700E+05    0.25482E+03    0.99999E+02    0.25312E-05    0.22772E+01    0.40351E+01    0.25288E-01   -0.62730E-06    0.92289E-08
    0.99200E+05    0.25518E+03    0.97742E+02    0.00000E+00    0.24170E+01    0.39526E+01    0.21170E-01   -0.16663E-05    0.95526E-08
    0.99700E+05    0.25555E+03    0.95238E+02    0.00000E+00    0.25568E+01    0.38701E+01    0.17051E-01   -0.27052E-05    0.98763E-08
    0.10020E+06    0.25591E+03    0.92814E+02    0.00000E+00    0.26790E+01    0.36221E+01    0.12932E-01    0.12203E-06    0.80630E-08
    0.10070E+06    0.25628E+03    0.90469E+02    0.00000E+00    0.27895E+01    0.32622E+01    0.88138E-02    0.55661E-05    0.48031E-08
    0.10120E+06    0.25664E+03    0.88198E+02    0.00000E+00    0.28999E+01    0.29023E+01    0.46952E-02    0.11010E-04    0.15432E-08
    0.10170E+06    0.25700E+03    0.86000E+02    0.00000E+00    0.29160E+01    0.28497E+01    0.57661E-03    0.11805E-04    0.10673E-08
